image: willow-2010-02-18-0.10.pgm
resolution: 0.10000
origin: [0.000000, 0.000000, 0.000000]
negate: 0
occupied_thresh: 0.196
free_thresh: 0.196
